# p1 / DMADH X78384.1 D.melanogaster Adh and Adh-dup genes.
12
245
260
380
400
409
429
669
684
809
894
938
1139
1146
1244
1353
1383
1413
1417
1501
1516
1702
2672
2958
3003
3126
3395
3439
3596
4517
4671
4685
# p2 / DMADH X78384.1 D.melanogaster Adh and Adh-dup genes.
4
95
130
155
182
203
219
234
283
315
370
395
843
961
990
1000
1010
1035
1066
1092
1119
1130
1149
1213
1313
1379
1427
1452
1522
1588
1670
2051
2637
2642
3233
3467
3565
3617
3653
3717
3757
3825
4134
4189
4568
4625
# p1 / DGADHDUP X60113.1 D.guanche Adh and Adh-dup genes for alcohol dehydrogenase.
137
167
471
554
722
843
873
876
901
986
991
996
999
1006
1108
1481
1704
1717
3034
3092
3377
3465
3472
3597
4017
4358
4404
4416
# p2 / DGADHDUP X60113.1 D.guanche Adh and Adh-dup genes for alcohol dehydrogenase.
113
155
205
249
297
448
730
762
810
855
896
964
1077
1149
1276
1283
1334
1445
1485
1617
1655
1727
1946
2096
2410
2448
2987
3039
3048
3160
3397
3439
3458
3766
4211
4361
