99    -1836  88    -1847
497   -358   509   -370
529   -409   541   -421
679   -549   700   -570
747   -616   760   -629
1242  -1106  1256  -1120
1917  -1886  1928  -1897
2063  -2020  2079  -2036
2111  -2068  2123  -2080
2218  -2178  2231  -2191
2251  -2211  2273  -2233
2314  -2274  2327  -2287
2345  -2305  2357  -2317
2410  -2370  2435  -2395
2452  -2412  2474  -2434
2518  -2478  2540  -2500
2569  -2529  2594  -2554
2786  -2739  2797  -2750
2897  -2850  2913  -2866
3125  -136   3136  -147
3129  -3096  3141  -3108
3225  -1268  3236  -1279
3244  -3239  3260  -3255
3277  -3272  3290  -3285
3292  -3287  3328  -3323
3385  -3367  3400  -3382
3573  -1489  3585  -1501
3743  -3535  3755  -3547
3783  -3575  3795  -3587
3865  -3657  3887  -3679
3906  -2303  3920  -2317
3908  -2305  3920  -2317
3949  -3741  3975  -3767
3982  -3774  3995  -3787
4138  -3930  4158  -3950
4313  -4116  4326  -4129
4339  -4142  4352  -4155
