5
S1  0       0.19    0.00502  0.0537  0.186   0.435
S2  -0.161  0       0.19     0.188   0.0489  0.617
S3  -0.285  -0.161  0        0.0539  0.186   0.435
S4  -0.251  -0.177  -0.251   0       0.184   0.48
S5  -0.161  -0.358  -0.161   -0.177  0       0.605
4
S1       0       0.00502  0.0537  0.164  0.222
S3       -0.217  0        0.0539  0.164  0.222
S4       -0.192  -0.192   0       0.162  0.269
(S2,S5)  -0.192  -0.192   -0.217  0      0.489
3
S4       0       0.162   0.0513  0.213
(S2,S5)  -0.374  0       0.161   0.323
(S1,S3)  -0.374  -0.374  0       0.212
(S4:0.0259,(S2:0.0265,S5:0.0225):0.136,(S1:0.00246,S3:0.00256):0.0254);
