    A      R      N      D      C      Q      E      G      H      I      L      K      M      F      P      S      T      W      Y      V    
A 0.1864 0.0452 0.0831 0.0845 0.0420 0.0687 0.0893 0.1174 0.0472 0.0692 0.0464 0.0515 0.0563 0.0302 0.1169 0.1229 0.1266 0.0141 0.0277 0.0903 
R 0.0207 0.2673 0.0329 0.0204 0.0133 0.0544 0.0228 0.0129 0.0587 0.0229 0.0161 0.0982 0.0348 0.0128 0.0340 0.0337 0.0263 0.0610 0.0090 0.0172 
N 0.0393 0.0330 0.0999 0.0798 0.0122 0.0435 0.0567 0.0415 0.0648 0.0219 0.0143 0.0531 0.0201 0.0148 0.0310 0.0526 0.0455 0.0120 0.0225 0.0209 
D 0.0477 0.0233 0.0937 0.1762 0.0088 0.0668 0.1334 0.0500 0.0487 0.0209 0.0122 0.0408 0.0169 0.0083 0.0309 0.0478 0.0401 0.0058 0.0117 0.0220 
C 0.0148 0.0120 0.0094 0.0055 0.6369 0.0055 0.0053 0.0072 0.0114 0.0142 0.0049 0.0059 0.0113 0.0072 0.0078 0.0289 0.0168 0.0032 0.0288 0.0191 
Q 0.0291 0.0500 0.0415 0.0545 0.0064 0.1663 0.0808 0.0208 0.0873 0.0182 0.0224 0.0425 0.0265 0.0088 0.0385 0.0276 0.0255 0.0080 0.0094 0.0181 
E 0.0527 0.0276 0.0702 0.1423 0.0088 0.1064 0.1859 0.0453 0.0493 0.0260 0.0181 0.0417 0.0226 0.0092 0.0386 0.0444 0.0386 0.0054 0.0126 0.0268 
G 0.1203 0.0340 0.0890 0.0923 0.0287 0.0526 0.0801 0.3804 0.0380 0.0348 0.0253 0.0436 0.0317 0.0196 0.0639 0.1149 0.0755 0.0104 0.0151 0.0548 
H 0.0185 0.0478 0.0557 0.0353 0.0116 0.0766 0.0325 0.0126 0.2554 0.0120 0.0138 0.0272 0.0130 0.0198 0.0275 0.0224 0.0193 0.0143 0.0296 0.0130 
I 0.0273 0.0184 0.0200 0.0159 0.0190 0.0172 0.0176 0.0133 0.0139 0.1711 0.0607 0.0204 0.0622 0.0425 0.0147 0.0208 0.0366 0.0064 0.0205 0.1071 
L 0.0414 0.0290 0.0336 0.0213 0.0121 0.0485 0.0267 0.0232 0.0432 0.1480 0.4543 0.0363 0.2202 0.1135 0.0364 0.0310 0.0462 0.0441 0.0466 0.1235 
K 0.0480 0.1924 0.1051 0.0727 0.0139 0.0885 0.0696 0.0397 0.0629 0.0434 0.0288 0.3457 0.0941 0.0153 0.0497 0.0705 0.0759 0.0234 0.0188 0.0336 
M 0.0094 0.0115 0.0077 0.0052 0.0028 0.0111 0.0061 0.0046 0.0063 0.0262 0.0390 0.0188 0.1354 0.0119 0.0061 0.0087 0.0128 0.0034 0.0049 0.0233 
F 0.0148 0.0121 0.0155 0.0075 0.0097 0.0092 0.0078 0.0125 0.0226 0.0484 0.0532 0.0080 0.0370 0.4432 0.0076 0.0170 0.0167 0.0351 0.1988 0.0213 
P 0.0693 0.0434 0.0380 0.0325 0.0199 0.0527 0.0390 0.0376 0.0439 0.0249 0.0245 0.0323 0.0247 0.0157 0.3136 0.0641 0.0499 0.0086 0.0102 0.0305 
S 0.0993 0.0605 0.0901 0.0696 0.0640 0.0522 0.0621 0.0892 0.0462 0.0408 0.0261 0.0619 0.0397 0.0268 0.0894 0.1421 0.1121 0.0334 0.0263 0.0458 
T 0.0869 0.0398 0.0661 0.0496 0.0270 0.0398 0.0447 0.0500 0.0319 0.0590 0.0312 0.0560 0.0461 0.0218 0.0590 0.0953 0.1714 0.0116 0.0225 0.0604 
W 0.0017 0.0152 0.0020 0.0010 0.0012 0.0017 0.0010 0.0012 0.0021 0.0014 0.0011 0.0028 0.0014 0.0111 0.0017 0.0060 0.0021 0.6667 0.0114 0.0009 
Y 0.0114 0.0063 0.0177 0.0084 0.0289 0.0082 0.0096 0.0062 0.0288 0.0186 0.0185 0.0054 0.0115 0.1503 0.0056 0.0127 0.0126 0.0245 0.4300 0.0129 
V 0.0649 0.0279 0.0325 0.0276 0.0332 0.0317 0.0313 0.0362 0.0295 0.1885 0.0914 0.0286 0.0992 0.0374 0.0383 0.0417 0.0665 0.0087 0.0262 0.2622 
