    A   R   N   D   C   Q   E   G   H   I   L   K   M   F   P   S   T   W   Y   V 
A   5  -4  -1  -1  -4  -2  -1   0  -4  -2  -4  -4  -3  -5   0   1   1  -9  -5  -1
R  -4   8  -3  -6  -5   0  -5  -7   0  -3  -6   2  -2  -6  -2  -1  -4   0  -8  -5
N  -1  -3   6   3  -7  -1   0  -1   1  -3  -5   0  -5  -5  -3   1   0  -7  -3  -4
D  -1  -6   3   6  -9   0   3  -1  -2  -5  -8  -2  -7  -9  -4  -1  -2 -11  -7  -5
C  -4  -5  -7  -9   9  -9  -9  -7  -5  -4 -10  -9  -6  -8  -6  -1  -4 -11  -2  -4
Q  -2   0  -1   0  -9   7   2  -4   2  -5  -3  -1  -2  -8  -1  -3  -3  -9  -8  -4
E  -1  -5   0   3  -9   2   6  -2  -2  -4  -6  -2  -5  -9  -3  -2  -3 -11  -6  -4
G   0  -7  -1  -1  -7  -4  -2   6  -6  -6  -7  -5  -7  -6  -3   0  -3 -10  -9  -3
H  -4   0   1  -2  -5   2  -2  -6   8  -6  -4  -3  -6  -3  -2  -3  -4  -6  -1  -5
I  -2  -3  -3  -5  -4  -5  -4  -6  -6   7   0  -4   1  -1  -5  -4  -1 -10  -4   3
L  -4  -6  -5  -8 -10  -3  -6  -7  -4   0   6  -5   2  -1  -4  -6  -4  -6  -4   0
K  -4   2   0  -2  -9  -1  -2  -5  -3  -4  -5   6   0  -9  -4  -2  -1  -7  -8  -5
M  -3  -2  -5  -7  -6  -2  -5  -7  -6   1   2   0  10  -2  -5  -3  -2  -9  -7   0
F  -5  -6  -5  -9  -8  -8  -9  -6  -3  -1  -1  -9  -2   8  -7  -4  -5  -2   4  -5
P   0  -2  -3  -4  -6  -1  -3  -3  -2  -5  -4  -4  -5  -7   7   0  -2  -9  -9  -4
S   1  -1   1  -1  -1  -3  -2   0  -3  -4  -6  -2  -3  -4   0   5   2  -3  -5  -3
T   1  -4   0  -2  -4  -3  -3  -3  -4  -1  -4  -1  -2  -5  -2   2   6  -8  -5  -1
W  -9   0  -7 -11 -11  -9 -11 -10  -6 -10  -6  -7  -9  -2  -9  -3  -8  13  -2 -11
Y  -5  -8  -3  -7  -2  -8  -6  -9  -1  -4  -4  -8  -7   4  -9  -5  -5  -2   9  -5
V  -1  -5  -4  -5  -4  -4  -4  -3  -5   3   0  -5   0  -5  -4  -3  -1 -11  -5   6
