    A   R   N   D   C   Q   E   G   H   I   L   K   M   F   P   S   T   W   Y   V 
A   5  -4  -1  -1  -4  -2  -1   0  -4  -2  -4  -4  -3  -5   0   1   1  -9  -6  -1 
R  -5   7  -3  -6  -6   0  -5  -8   0  -4  -6   1  -2  -6  -3  -2  -4  -1  -9  -5 
N  -2  -3   6   2  -7  -2   0  -1   1  -3  -6   0  -5  -5  -3   1  -1  -6  -3  -5 
D  -2  -6   2   6 -10  -1   3  -2  -2  -5  -8  -3  -7 -10  -4  -2  -3 -11  -8  -5 
C  -4  -5  -6  -9  10  -9  -9  -8  -5  -4  -9  -9  -5  -8  -8  -1  -4 -11  -2  -3 
Q  -2   0  -1   0  -9   7   2  -4   2  -5  -3  -1  -2  -8  -1  -3  -3  -8  -8  -5 
E  -1  -6  -1   3 -10   2   6  -3  -3  -4  -6  -3  -5 -10  -3  -3  -3 -12  -7  -4 
G   0  -6  -1  -1  -6  -4  -2   6  -5  -6  -6  -5  -6  -7  -3   0  -3 -10  -9  -3 
H  -3   2   3   0  -4   4  -1  -5  10  -5  -3  -2  -5  -2  -1  -2  -2  -3   0  -4 
I  -3  -4  -4  -5  -4  -5  -4  -7  -7   7   0  -4   0  -1  -7  -5  -1 -10  -5   3 
L  -4  -6  -4  -8 -10  -3  -6  -6  -3   1   6  -4   3   0  -4  -5  -4  -3  -4   0 
K  -3   2   1  -1  -9   0  -2  -4  -3  -3  -5   6   0  -8  -3  -1  -1  -7  -6  -5 
M  -3  -3  -5  -7  -9  -2  -6  -8  -6   1   2   0   9  -3  -6  -4  -2  -8  -7   0 
F  -5  -5  -5  -9  -8  -8  -9  -5  -3   0   0  -8  -1   9  -9  -4  -5  -2   4  -5 
P   0  -2  -3  -4  -5  -1  -3  -3  -2  -5  -4  -4  -5  -6   7   0  -2  -9  -9  -4 
S   1  -1   1  -1  -1  -3  -2   0  -3  -4  -6  -2  -3  -4   0   5   1  -3  -5  -3 
T   1  -3   0  -2  -5  -3  -3  -3  -5  -1  -4  -1  -2  -6  -2   1   6  -8  -5  -1 
W  -9  -1  -9 -12 -11 -10 -12 -11  -9 -11 -12  -8 -11  -2 -10  -3  -9  12  -2 -12 
Y  -5  -9  -3  -7  -2  -8  -6  -9  -2  -4  -4  -9  -7   3  -9  -5  -5  -3   9  -5 
V  -1  -5  -5  -5  -4  -4  -4  -4  -4   3   0  -5   0  -4  -4  -4  -1 -10  -5   6 
