    A      R      N      D      C       Q      E      G      H      I      L      K      M      F       P      S      T      W       Y       V    
A 2.1425 0.5195 0.9552 0.9713 0.4828  0.7897 1.0264 1.3494 0.5425 0.7954 0.5333 0.5920 0.6471 0.3471  1.3437 1.4126 1.4552 0.1621  0.3184  1.0379 
R 0.5049 6.5195 0.8024 0.4976 0.3244  1.3268 0.5561 0.3146 1.4317 0.5585 0.3927 2.3951 0.8488 0.3122  0.8293 0.8220 0.6415 1.4878  0.2195  0.4195 
N 0.9825 0.8250 2.4975 1.9950 0.3050  1.0875 1.4175 1.0375 1.6200 0.5475 0.3575 1.3275 0.5025 0.3700  0.7750 1.3150 1.1375 0.3000  0.5625  0.5225 
D 1.0149 0.4957 1.9936 3.7489 0.1872  1.4213 2.8383 1.0638 1.0362 0.4447 0.2596 0.8681 0.3596 0.1766  0.6574 1.0170 0.8532 0.1234  0.2489  0.4681 
C 0.4485 0.3636 0.2848 0.1667 19.3000 0.1667 0.1606 0.2182 0.3455 0.4303 0.1485 0.1788 0.3424 0.2182  0.2364 0.8758 0.5091 0.0970  0.8727  0.5788 
Q 0.7658 1.3158 1.0921 1.4342 0.1684  4.3763 2.1263 0.5474 2.2974 0.4789 0.5895 1.1184 0.6974 0.2316  1.0132 0.7263 0.6711 0.2105  0.2474  0.4763 
E 1.0540 0.5520 1.4040 2.8460 0.1760  2.1280 3.7180 0.9060 0.9860 0.5200 0.3620 0.8340 0.4520 0.1840  0.7720 0.8880 0.7720 0.1080  0.2520  0.5360 
G 1.3517 0.3820 1.0000 1.0371 0.3225  0.5910 0.9000 4.2742 0.4270 0.3910 0.2843 0.4899 0.3562 0.2202  0.7180 1.2910 0.8483 0.1169  0.1697  0.6157 
H 0.5441 1.4059 1.6382 1.0382 0.3412  2.2529 0.9559 0.3706 7.5118 0.3529 0.4059 0.8000 0.3824 0.5824  0.8088 0.6588 0.5676 0.4206  0.8706  0.3824 
I 0.7378 0.4973 0.5405 0.4297 0.5135  0.4649 0.4757 0.3595 0.3757 4.6243 1.6405 0.5514 1.6811 1.1486  0.3973 0.5622 0.9892 0.1730  0.5541  2.8946 
L 0.4871 0.3412 0.3953 0.2506 0.1424  0.5706 0.3141 0.2729 0.5082 1.7412 5.3447 0.4271 2.5906 1.3353  0.4282 0.3647 0.5435 0.5188  0.5482  1.4529 
K 0.5926 2.3753 1.2975 0.8975 0.1716  1.0926 0.8593 0.4901 0.7765 0.5358 0.3556 4.2679 1.1617 0.1889  0.6136 0.8704 0.9370 0.2889  0.2321  0.4148 
M 0.6267 0.7667 0.5133 0.3467 0.1867  0.7400 0.4067 0.3067 0.4200 1.7467 2.6000 1.2533 9.0267 0.7933  0.4067 0.5800 0.8533 0.2267  0.3267  1.5533 
F 0.3700 0.3025 0.3875 0.1875 0.2425  0.2300 0.1950 0.3125 0.5650 1.2100 1.3300 0.2000 0.9250 11.0800 0.1900 0.4250 0.4175 0.8775  4.9700  0.5325 
P 1.3588 0.8510 0.7451 0.6373 0.3902  1.0333 0.7647 0.7373 0.8608 0.4882 0.4804 0.6333 0.4843 0.3078  6.1490 1.2569 0.9784 0.1686  0.2000  0.5980 
S 1.4186 0.8643 1.2871 0.9943 0.9143  0.7457 0.8871 1.2743 0.6600 0.5829 0.3729 0.8843 0.5671 0.3829  1.2771 2.0300 1.6014 0.4771  0.3757  0.6543 
T 1.4983 0.6862 1.1397 0.8552 0.4655  0.6862 0.7707 0.8621 0.5500 1.0172 0.5379 0.9655 0.7948 0.3759  1.0172 1.6431 2.9552 0.2000  0.3879  1.0414 
W 0.1700 1.5200 0.2000 0.1000 0.1200  0.1700 0.1000 0.1200 0.2100 0.1400 0.1100 0.2800 0.1400 1.1100  0.1700 0.6000 0.2100 66.6700 1.1400  0.0900 
Y 0.3800 0.2100 0.5900 0.2800 0.9633  0.2733 0.3200 0.2067 0.9600 0.6200 0.6167 0.1800 0.3833 5.0100  0.1867 0.4233 0.4200 0.8167  14.3333 0.4300 
V 0.9985 0.4292 0.5000 0.4246 0.5108  0.4877 0.4815 0.5569 0.4538 2.9000 1.4062 0.4400 1.5262 0.5754  0.5892 0.6415 1.0231 0.1338  0.4031  4.0338 
