    A   R   N   D   C   Q   E   G   H   I   L   K   M   F   P   S   T   W   Y   V 
A   3  -3   0   0  -3  -1   0   1  -3  -1  -3  -2  -2  -5   1   1   2  -8  -5   0 
R  -3   8  -1  -3  -5   1  -3  -5   2  -3  -4   4  -1  -5  -1  -1  -2   2  -7  -4 
N   0  -1   4   3  -5   0   2   0   2  -3  -4   1  -3  -4  -1   1   1  -5  -2  -3 
D   0  -3   3   6  -7   2   5   0   0  -4  -6  -1  -4  -8  -2   0  -1  -9  -6  -3 
C  -3  -4  -5  -8  13  -8  -8  -7  -5  -4  -8  -7  -5  -7  -6  -1  -3 -10  -1  -2 
Q  -1   1   0   2  -8   6   3  -3   4  -3  -2   0  -2  -6   0  -1  -2  -7  -6  -3 
E   0  -3   1   5  -8   3   6   0   0  -3  -4  -1  -3  -7  -1  -1  -1 -10  -6  -3 
G   1  -4   0   0  -5  -2   0   6  -4  -4  -5  -3  -4  -7  -1   1  -1  -9  -8  -2 
H  -3   1   2   0  -5   4   0  -4   9  -5  -4  -1  -4  -2  -1  -2  -2  -4  -1  -4 
I  -1  -3  -3  -4  -3  -3  -3  -4  -4   7   2  -3   2   1  -4  -2   0  -8  -3   5 
L  -3  -5  -4  -6  -8  -2  -5  -6  -3   2   7  -4   4   1  -4  -4  -3  -3  -3   2 
K  -2   4   1   0  -8   0  -1  -3  -1  -3  -4   6   1  -7  -2  -1   0  -5  -6  -4 
M  -2  -1  -3  -5  -7  -1  -4  -5  -4   2   4   1  10  -1  -4  -2  -1  -6  -5   2 
F  -4  -5  -4  -7  -6  -6  -7  -5  -2   1   1  -7   0  10  -7  -4  -4  -1   7  -3 
P   1  -1  -1  -2  -4   0  -1  -1  -1  -3  -3  -2  -3  -5   8   1   0  -8  -7  -2 
S   2  -1   1   0   0  -1  -1   1  -2  -2  -4  -1  -2  -4   1   3   2  -3  -4  -2 
T   2  -2   1  -1  -3  -2  -1  -1  -3   0  -3   0  -1  -4   0   2   5  -7  -4   0 
W  -8   2  -7 -10  -9  -8 -10  -9  -7  -9 -10  -6  -9   0  -8  -2  -7  18   1 -10 
Y  -4  -7  -2  -6   0  -6  -5  -7   0  -2  -2  -7  -4   7  -7  -4  -4  -1  12  -4 
V   0  -4  -3  -4  -3  -3  -3  -3  -3   5   1  -4   2  -2  -2  -2   0  -9  -4   6 
